0.000000000000000000e+00
4.939715481585227330e-03
9.879235561054078296e-03
1.481836484401921616e-02
1.975690795155238266e-02
2.469466952791354863e-02
2.963145424827684504e-02
3.456706682645904749e-02
3.950131202264373087e-02
4.443399465110431379e-02
4.936491958792510459e-02
5.429389177872034900e-02
5.922071624634983600e-02
6.414519809863128419e-02
6.906714253605039655e-02
7.398635485946603030e-02
7.890264047781270218e-02
8.381580491579720960e-02
8.872565382159214309e-02
9.363199297452406977e-02
9.853462829275583257e-02
1.034333658409640755e-01
1.083280118380115509e-01
1.132183726646113220e-01
1.181042548709867468e-01
1.229854651845236901e-01
1.278618105174158526e-01
1.327330979743023276e-01
1.375991348598986086e-01
1.424597286866192691e-01
1.473146871821916504e-01
1.521638182972618880e-01
1.570069302129921684e-01
1.618438313486478819e-01
1.666743303691771150e-01
1.714982361927779309e-01
1.763153579984589880e-01
1.811255052335856153e-01
1.859284876214195581e-01
1.907241151686449587e-01
1.955121981728834557e-01
2.002925472301998466e-01
2.050649732425923188e-01
2.098292874254750195e-01
2.145853013151438615e-01
2.193328267762326700e-01
2.240716760091552295e-01
2.288016615575343415e-01
2.335225963156157825e-01
2.382342935356718261e-01
2.429365668353864471e-01
2.476292302052300887e-01
2.523120980158155557e-01
2.569849850252432510e-01
2.616477063864270924e-01
2.663000776544068859e-01
2.709419147936455996e-01
2.755730341853084298e-01
2.801932526345256580e-01
2.848023873776412973e-01
2.894002560894404219e-01
2.939866768903629524e-01
2.985614683536987890e-01
3.031244495127622951e-01
3.076754398680532354e-01
3.122142593943959543e-01
3.167407285480605683e-01
3.212546682738650627e-01
3.257559000122589588e-01
3.302442457063863301e-01
3.347195278091283921e-01
3.391815692901285484e-01
3.436301936427936798e-01
3.480652248912770030e-01
3.524864875974389467e-01
3.568938068677880437e-01
3.612870083603969551e-01
3.656659182918013951e-01
3.700303634438735223e-01
3.743801711706731261e-01
3.787151694052790507e-01
3.830351866665941962e-01
3.873400520661289814e-01
3.916295953147612696e-01
3.959036467294740902e-01
4.001620372400651604e-01
4.044045983958370893e-01
4.086311623722593822e-01
4.128415619776086842e-01
4.170356306595803808e-01
4.212132025118791034e-01
4.253741122807801478e-01
4.295181953716666889e-01
4.336452878555412394e-01
4.377552264755095734e-01
4.418478486532400051e-01
4.459229924953920232e-01
4.499804968000233885e-01
4.540202010629648122e-01
4.580419454841697657e-01
4.620455709740360906e-01
4.660309191596980760e-01
4.699978323912923361e-01
4.739461537481939324e-01
4.778757270452227424e-01
4.817863968388234053e-01
4.856780084332119607e-01
4.895504078864982844e-01
4.934034420167721091e-01
4.972369584081657301e-01
5.010508054168807401e-01
5.048448321771878966e-01
5.086188886073952364e-01
5.123728254157835504e-01
5.161064941065132139e-01
5.198197469854981545e-01
5.235124371662476239e-01
5.271844185756768830e-01
5.308355459598856907e-01
5.344656748899043741e-01
5.380746617674061483e-01
5.416623638303885713e-01
5.452286391588199166e-01
5.487733466802540150e-01
5.522963461754100134e-01
5.557974982837188271e-01
5.592766645088376176e-01
5.627337072241258564e-01
5.661684896780911913e-01
5.695808759997988968e-01
5.729707312042453538e-01
5.763379211976993322e-01
5.796823127830050826e-01
5.830037736648516766e-01
5.863021724550068203e-01
5.895773786775133640e-01
5.928292627738511733e-01
5.960576961080614744e-01
5.992625509718363386e-01
6.024437005895699748e-01
6.056010191233729412e-01
6.087343816780510508e-01
6.118436643060460867e-01
6.149287440123367698e-01
6.179894987593070876e-01
6.210258074715711007e-01
6.240375500407642217e-01
6.270246073302934153e-01
6.299868611800505391e-01
6.329241944110854945e-01
6.358364908302425178e-01
6.387236352347560597e-01
6.415855134168082508e-01
6.444220121680459545e-01
6.472330192840591856e-01
6.500184235688200030e-01
6.527781148390814359e-01
6.555119839287351091e-01
6.582199226931295666e-01
6.609018240133497368e-01
6.635575818004522120e-01
6.661870909996632228e-01
6.687902475945337599e-01
6.713669486110545037e-01
6.739170921217287891e-01
6.764405772496049352e-01
6.789373041722670532e-01
6.814071741257827775e-01
6.838500894086103621e-01
6.862659533854642557e-01
6.886546704911371553e-01
6.910161462342800931e-01
6.933502872011407803e-01
6.956570010592586506e-01
6.979361965611172725e-01
7.001877835477530176e-01
7.024116729523239844e-01
7.046077768036296263e-01
7.067760082295939661e-01
7.089162814607001817e-01
7.110285118333836696e-01
7.131126157933818099e-01
7.151685108990386563e-01
7.171961158245658829e-01
7.191953503632597666e-01
7.211661354306753147e-01
7.231083930677524307e-01
7.250220464439016688e-01
7.269070198600426913e-01
7.287632387515980970e-01
7.305906296914441711e-01
7.323891203928150073e-01
7.341586397121615537e-01
7.358991176519664723e-01
7.376104853635128134e-01
7.392926751496073923e-01
7.409456204672588697e-01
7.425692559303096463e-01
7.441635173120233482e-01
7.457283415476239075e-01
7.472636667367917873e-01
7.487694321461118019e-01
7.502455782114756389e-01
7.516920465404377527e-01
7.531087799145261830e-01
7.544957222915051887e-01
7.558528188075919196e-01
7.571800157796275688e-01
7.584772607072003403e-01
7.597445022747220111e-01
7.609816903534583066e-01
7.621887760035119808e-01
7.633657114757579354e-01
7.645124502137332634e-01
7.656289468554773325e-01
7.667151572353283484e-01
7.677710383856677367e-01
7.687965485386223374e-01
7.697916471277146400e-01
7.707562947894699423e-01
7.716904533649697751e-01
7.725940859013649131e-01
7.734671566533359854e-01
7.743096310845056784e-01
7.751214758688085293e-01
7.759026588918052081e-01
7.766531492519557212e-01
7.773729172618406569e-01
7.780619344493362455e-01
7.787201735587394591e-01
7.793476085518471486e-01
7.799442146089861083e-01
7.805099681299936254e-01
7.810448467351525093e-01
7.815488292660763836e-01
7.820218957865452403e-01
7.824640275832950298e-01
7.828752071667579582e-01
7.832554182717543778e-01
7.836046458581353846e-01
7.839228761113790078e-01
7.842100964431355514e-01
7.844662954917263065e-01
7.846914631225925252e-01
7.848855904286966556e-01
7.850486697308742823e-01
7.851806945781383273e-01
7.852816597479344018e-01
7.853515612463461970e-01
7.853903963082551343e-01
7.853981633974482790e-01
7.853748622066800689e-01
7.853204936576847484e-01
7.852350599011379551e-01
7.851185643165743411e-01
7.849710115122516818e-01
7.847924073249696875e-01
7.845827588198392988e-01
7.843420742900022447e-01
7.840703632563037484e-01
7.837676364669157181e-01
7.834339058969117531e-01
7.830691847477926348e-01
7.826734874469654102e-01
7.822468296471716265e-01
7.817892282258684933e-01
7.813007012845616384e-01
7.807812681480883477e-01
7.802309493638532878e-01
7.796497667010162669e-01
7.790377431496309235e-01
7.783949029197347880e-01
7.777212714403916038e-01
7.770168753586861321e-01
7.762817425386696613e-01
7.755159020602582221e-01
7.747193842180808421e-01
7.738922205202825033e-01
7.730344436872780278e-01
7.721460876504562254e-01
7.712271875508394103e-01
7.702777797376918478e-01
7.692979017670824593e-01
7.682875924003997881e-01
7.672468916028176711e-01
7.661758405417149476e-01
7.650744815850472058e-01
7.639428582996694583e-01
7.627810154496148520e-01
7.615889989943218641e-01
7.603668560868184212e-01
7.591146350718540603e-01
7.578323854839896789e-01
7.565201580456371033e-01
7.551780046650535816e-01
7.538059784342865388e-01
7.524041336270752556e-01
7.509725256967032525e-01
7.495112112738042676e-01
7.480202481641231582e-01
7.464996953462281759e-01
7.449496129691786095e-01
7.433700623501451332e-01
7.417611059719844135e-01
7.401228074807673085e-01
7.384552316832613261e-01
7.367584445443671193e-01
7.350325131845087956e-01
7.332775058769791521e-01
7.314934920452382805e-01
7.296805422601686519e-01
7.278387282372822398e-01
7.259681228338841219e-01
7.240688000461907858e-01
7.221408350064024706e-01
7.201843039797313217e-01
7.181992843613846933e-01
7.161858546735033748e-01
7.141440945620560754e-01
7.120740847936872786e-01
7.099759072525244630e-01
7.078496449369373611e-01
7.056953819562556962e-01
7.035132035274409557e-01
7.013031959717170860e-01
6.990654467111538928e-01
6.968000442652106940e-01
6.945070782472333448e-01
6.921866393609104051e-01
6.898388193966842330e-01
6.874637112281203333e-01
6.850614088082340736e-01
6.826320071657734356e-01
6.801756024014602442e-01
6.776922916841880973e-01
6.751821732471801063e-01
6.726453463841011171e-01
6.700819114451317393e-01
6.674919698329970785e-01
6.648756239989568328e-01
6.622329774387514245e-01
6.595641346885099399e-01
6.568692013206125502e-01
6.541482839395158511e-01
6.514014901775351252e-01
6.486289286905875251e-01
6.458307091538930678e-01
6.430069422576369931e-01
6.401577397025899341e-01
6.372832141956907837e-01
6.343834794455875947e-01
6.314586501581391786e-01
6.285088420318782898e-01
6.255341717534350643e-01
6.225347569929200464e-01
6.195107163992705779e-01
6.164621695955572189e-01
6.133892371742515337e-01
6.102920406924552399e-01
6.071707026670929430e-01
6.040253465700649027e-01
6.008560968233627175e-01
5.976630787941481504e-01
5.944464187897928742e-01
5.912062440528833562e-01
5.879426827561864410e-01
5.846558639975802940e-01
5.813459177949460432e-01
5.780129750810263367e-01
5.746571676982441534e-01
5.712786283934896403e-01
5.678774908128669807e-01
5.644538894964086229e-01
5.610079598727539807e-01
5.575398382537899433e-01
5.540496618292616304e-01
5.505375686613436237e-01
5.470036976791783356e-01
5.434481886733819600e-01
5.398711822905140068e-01
5.362728200275126422e-01
5.326532442260991651e-01
5.290125980671460670e-01
5.253510255650133409e-01
5.216686715618523706e-01
5.179656817218758480e-01
5.142422025255959372e-01
5.104983812640293550e-01
5.067343660328711419e-01
5.029503057266371258e-01
4.991463500327726344e-01
4.953226494257323420e-01
4.914793551610283640e-01
4.876166192692459322e-01
4.837345945500284294e-01
4.798334345660362210e-01
4.759132936368690725e-01
4.719743268329632535e-01
4.680166899694573335e-01
4.640405396000277793e-01
4.600460330106967977e-01
4.560333282136097566e-01
4.520025839407857404e-01
4.479539596378372401e-01
4.438876154576643085e-01
4.398037122541180732e-01
4.357024115756389371e-01
4.315838756588648017e-01
4.274482674222142009e-01
4.232957504594423437e-01
4.191264890331682924e-01
4.149406480683783816e-01
4.107383931459012150e-01
4.065198904958591264e-01
4.022853069910907742e-01
3.980348101405515315e-01
3.937685680826870094e-01
3.894867495787808220e-01
3.851895240062810366e-01
3.808770613520973125e-01
3.765495322058789451e-01
3.722071077532658201e-01
3.678499597691162748e-01
3.634782606107136438e-01
3.590921832109463807e-01
3.546919010714690845e-01
3.502775882558382126e-01
3.458494193826258112e-01
3.414075696185148168e-01
3.369522146713659350e-01
3.324835307832714193e-01
3.280016947235804281e-01
3.235068837819066179e-01
3.189992757611166407e-01
3.144790489702955494e-01
3.099463822176935501e-01
3.054014548036534382e-01
3.008444465135167167e-01
2.962755376105130622e-01
2.916949088286289182e-01
2.871027413654576588e-01
2.824992168750330990e-01
2.778845174606425772e-01
2.732588256676251603e-01
2.686223244761478668e-01
2.639751972939698987e-01
2.593176279491864467e-01
2.546498006829565064e-01
2.499719001422169296e-01
2.452841113723749356e-01
2.405866198099910758e-01
2.358796112754426577e-01
2.311632719655734025e-01
2.264377884463273372e-01
2.217033476453698082e-01
2.169601368446920642e-01
2.122083436732044026e-01
2.074481560993122198e-01
2.026797624234816242e-01
1.979033512707902842e-01
1.931191115834663963e-01
1.883272326134142194e-01
1.835279039147276192e-01
1.787213153361925100e-01
1.739076570137765287e-01
1.690871193631071634e-01
1.642598930719404438e-01
1.594261690926174202e-01
1.545861386345098731e-01
1.497399931564586950e-01
1.448879243591975063e-01
1.400301241777711647e-01
1.351667847739432826e-01
1.302980985285939752e-01
1.254242580341106139e-01
1.205454560867693647e-01
1.156618856791077343e-01
1.107737399922913424e-01
1.058812123884720346e-01
1.009844964031378911e-01
9.608378573745901541e-02
9.117927425062477553e-02
8.627115595217449417e-02
8.135962499432325412e-02
7.644487566428259662e-02
7.152710237657367021e-02
6.660649966533793709e-02
6.168326217664110711e-02
5.675758466077396314e-02
5.182966196454830143e-02
4.689968902358920833e-02
4.196786085462367311e-02
3.703437254776764664e-02
3.209941925880643865e-02
2.716319620147755742e-02
2.222589863974633317e-02
1.728772188008276256e-02
1.234886126373568871e-02
7.409512159005315901e-03
2.469869953515724248e-03
-2.469869953515280159e-03
-7.409512159004871812e-03
-1.234886126373513360e-02
-1.728772188008231847e-02
-2.222589863974588908e-02
-2.716319620147722436e-02
-3.209941925880632763e-02
-3.703437254776731358e-02
-4.196786085462334004e-02
-4.689968902358865321e-02
-5.182966196454796837e-02
-5.675758466077363007e-02
-6.168326217664066302e-02
-6.660649966533749300e-02
-7.152710237657322612e-02
-7.644487566428215253e-02
-8.135962499432292105e-02
-8.627115595217405009e-02
-9.117927425062444247e-02
-9.608378573745890439e-02
-1.009844964031374470e-01
-1.058812123884714795e-01
-1.107737399922908983e-01
-1.156618856791071792e-01
-1.205454560867688096e-01
-1.254242580341101698e-01
-1.302980985285935311e-01
-1.351667847739428385e-01
-1.400301241777708317e-01
-1.448879243591970623e-01
-1.497399931564583619e-01
-1.545861386345094290e-01
-1.594261690926169761e-01
-1.642598930719399997e-01
-1.690871193631066083e-01
-1.739076570137759736e-01
-1.787213153361920659e-01
-1.835279039147271751e-01
-1.883272326134136643e-01
-1.931191115834659522e-01
-1.979033512707898401e-01
-2.026797624234811801e-01
-2.074481560993117757e-01
-2.122083436732039585e-01
-2.169601368446915091e-01
-2.217033476453692531e-01
-2.264377884463268931e-01
-2.311632719655729584e-01
-2.358796112754423246e-01
-2.405866198099906317e-01
-2.452841113723744915e-01
-2.499719001422163744e-01
-2.546498006829561733e-01
-2.593176279491858915e-01
-2.639751972939694546e-01
-2.686223244761475337e-01
-2.732588256676247163e-01
-2.778845174606425772e-01
-2.824992168750326549e-01
-2.871027413654571592e-01
-2.916949088286283631e-01
-2.962755376105128402e-01
-3.008444465135163837e-01
-3.054014548036529941e-01
-3.099463822176932726e-01
-3.144790489702950498e-01
-3.189992757611161966e-01
-3.235068837819061738e-01
-3.280016947235799285e-01
-3.324835307832712528e-01
-3.369522146713658795e-01
-3.414075696185143172e-01
-3.458494193826255891e-01
-3.502775882558377130e-01
-3.546919010714688070e-01
-3.590921832109459366e-01
-3.634782606107130887e-01
-3.678499597691158862e-01
-3.722071077532653205e-01
-3.765495322058786121e-01
-3.808770613520969794e-01
-3.851895240062805925e-01
-3.894867495787805445e-01
-3.937685680826866763e-01
-3.980348101405512540e-01
-4.022853069910903301e-01
-4.065198904958586268e-01
-4.107383931459008264e-01
-4.149406480683778820e-01
-4.191264890331680149e-01
-4.232957504594419551e-01
-4.274482674222139233e-01
-4.315838756588643021e-01
-4.357024115756385485e-01
-4.398037122541177402e-01
-4.438876154576637534e-01
-4.479539596378369071e-01
-4.520025839407852963e-01
-4.560333282136094235e-01
-4.600460330106964646e-01
-4.640405396000276128e-01
-4.680166899694570559e-01
-4.719743268329629204e-01
-4.759132936368686284e-01
-4.798334345660356659e-01
-4.837345945500280409e-01
-4.876166192692453771e-01
-4.914793551610281419e-01
-4.953226494257322865e-01
-4.991463500327721903e-01
-5.029503057266366817e-01
-5.067343660328708088e-01
-5.104983812640290219e-01
-5.142422025255957152e-01
-5.179656817218757370e-01
-5.216686715618521486e-01
-5.253510255650128968e-01
-5.290125980671456229e-01
-5.326532442260989431e-01
-5.362728200275124202e-01
-5.398711822905136737e-01
-5.434481886733819600e-01
-5.470036976791780026e-01
-5.505375686613430686e-01
-5.540496618292614084e-01
-5.575398382537896103e-01
-5.610079598727535366e-01
-5.644538894964084008e-01
-5.678774908128666477e-01
-5.712786283934893072e-01
-5.746571676982439314e-01
-5.780129750810258926e-01
-5.813459177949458212e-01
-5.846558639975799609e-01
-5.879426827561863300e-01
-5.912062440528831342e-01
-5.944464187897926521e-01
-5.976630787941475953e-01
-6.008560968233626065e-01
-6.040253465700644586e-01
-6.071707026670928320e-01
-6.102920406924552399e-01
-6.133892371742513117e-01
-6.164621695955572189e-01
-6.195107163992703558e-01
-6.225347569929199354e-01
-6.255341717534347312e-01
-6.285088420318782898e-01
-6.314586501581387346e-01
-6.343834794455873727e-01
-6.372832141956903396e-01
-6.401577397025896010e-01
-6.430069422576364380e-01
-6.458307091538928457e-01
-6.486289286905874141e-01
-6.514014901775349031e-01
-6.541482839395157400e-01
-6.568692013206123281e-01
-6.595641346885099399e-01
-6.622329774387512025e-01
-6.648756239989563888e-01
-6.674919698329965234e-01
-6.700819114451314062e-01
-6.726453463841007840e-01
-6.751821732471798843e-01
-6.776922916841877642e-01
-6.801756024014599111e-01
-6.826320071657734356e-01
-6.850614088082338515e-01
-6.874637112281202223e-01
-6.898388193966838999e-01
-6.921866393609102941e-01
-6.945070782472331228e-01
-6.968000442652104720e-01
-6.990654467111535597e-01
-7.013031959717168640e-01
-7.035132035274406226e-01
-7.056953819562553631e-01
-7.078496449369370280e-01
-7.099759072525242409e-01
-7.120740847936871676e-01
-7.141440945620557423e-01
-7.161858546735033748e-01
-7.181992843613844713e-01
-7.201843039797313217e-01
-7.221408350064022486e-01
-7.240688000461907858e-01
-7.259681228338840109e-01
-7.278387282372821288e-01
-7.296805422601683189e-01
-7.314934920452381695e-01
-7.332775058769788190e-01
-7.350325131845087956e-01
-7.367584445443672303e-01
-7.384552316832613261e-01
-7.401228074807674195e-01
-7.417611059719843025e-01
-7.433700623501451332e-01
-7.449496129691784985e-01
-7.464996953462281759e-01
-7.480202481641229362e-01
-7.495112112738042676e-01
-7.509725256967030305e-01
-7.524041336270752556e-01
-7.538059784342865388e-01
-7.551780046650534706e-01
-7.565201580456373254e-01
-7.578323854839894569e-01
-7.591146350718538383e-01
-7.603668560868181991e-01
-7.615889989943219751e-01
-7.627810154496146300e-01
-7.639428582996694583e-01
-7.650744815850469838e-01
-7.661758405417150586e-01
-7.672468916028175601e-01
-7.682875924003996770e-01
-7.692979017670824593e-01
-7.702777797376916258e-01
-7.712271875508394103e-01
-7.721460876504562254e-01
-7.730344436872780278e-01
-7.738922205202823923e-01
-7.747193842180807311e-01
-7.755159020602581110e-01
-7.762817425386697723e-01
-7.770168753586860211e-01
-7.777212714403914928e-01
-7.783949029197345659e-01
-7.790377431496310345e-01
-7.796497667010164889e-01
-7.802309493638532878e-01
-7.807812681480883477e-01
-7.813007012845617494e-01
-7.817892282258687153e-01
-7.822468296471717375e-01
-7.826734874469655212e-01
-7.830691847477927459e-01
-7.834339058969117531e-01
-7.837676364669158291e-01
-7.840703632563037484e-01
-7.843420742900022447e-01
-7.845827588198392988e-01
-7.847924073249697985e-01
-7.849710115122515708e-01
-7.851185643165743411e-01
-7.852350599011379551e-01
-7.853204936576847484e-01
-7.853748622066801799e-01
-7.853981633974482790e-01
-7.853903963082550232e-01
-7.853515612463461970e-01
-7.852816597479344018e-01
-7.851806945781385494e-01
-7.850486697308743933e-01
-7.848855904286966556e-01
-7.846914631225926362e-01
-7.844662954917264175e-01
-7.842100964431356624e-01
-7.839228761113791188e-01
-7.836046458581354957e-01
-7.832554182717543778e-01
-7.828752071667581802e-01
-7.824640275832951408e-01
-7.820218957865453513e-01
-7.815488292660766056e-01
-7.810448467351527313e-01
-7.805099681299937364e-01
-7.799442146089861083e-01
-7.793476085518473706e-01
-7.787201735587396811e-01
-7.780619344493363565e-01
-7.773729172618408789e-01
-7.766531492519557212e-01
-7.759026588918053191e-01
-7.751214758688086404e-01
-7.743096310845060115e-01
-7.734671566533359854e-01
-7.725940859013652462e-01
-7.716904533649698861e-01
-7.707562947894700534e-01
-7.697916471277150841e-01
-7.687965485386223374e-01
-7.677710383856679588e-01
-7.667151572353283484e-01
-7.656289468554776656e-01
-7.645124502137333744e-01
-7.633657114757581574e-01
-7.621887760035122028e-01
-7.609816903534586396e-01
-7.597445022747222332e-01
-7.584772607072007844e-01
-7.571800157796279018e-01
-7.558528188075923637e-01
-7.544957222915054107e-01
-7.531087799145264050e-01
-7.516920465404379748e-01
-7.502455782114756389e-01
-7.487694321461121350e-01
-7.472636667367920094e-01
-7.457283415476242405e-01
-7.441635173120234592e-01
-7.425692559303100904e-01
-7.409456204672590918e-01
-7.392926751496078364e-01
-7.376104853635132574e-01
-7.358991176519669164e-01
-7.341586397121618868e-01
-7.323891203928151183e-01
-7.305906296914445042e-01
-7.287632387515983190e-01
-7.269070198600430244e-01
-7.250220464439020018e-01
-7.231083930677528748e-01
-7.211661354306755367e-01
-7.191953503632602107e-01
-7.171961158245659940e-01
-7.151685108990391004e-01
-7.131126157933821430e-01
-7.110285118333841137e-01
-7.089162814607004037e-01
-7.067760082295940771e-01
-7.046077768036299593e-01
-7.024116729523240954e-01
-7.001877835477534617e-01
-6.979361965611173835e-01
-6.956570010592590947e-01
-6.933502872011410023e-01
-6.910161462342804262e-01
-6.886546704911373773e-01
-6.862659533854648108e-01
-6.838500894086106952e-01
-6.814071741257833326e-01
-6.789373041722676083e-01
-6.764405772496053793e-01
-6.739170921217291221e-01
-6.713669486110546147e-01
-6.687902475945342040e-01
-6.661870909996634449e-01
-6.635575818004527671e-01
-6.609018240133500699e-01
-6.582199226931302327e-01
-6.555119839287353312e-01
-6.527781148390819910e-01
-6.500184235688204470e-01
-6.472330192840592966e-01
-6.444220121680462876e-01
-6.415855134168085838e-01
-6.387236352347567259e-01
-6.358364908302427398e-01
-6.329241944110858276e-01
-6.299868611800507612e-01
-6.270246073302940815e-01
-6.240375500407645548e-01
-6.210258074715715448e-01
-6.179894987593073097e-01
-6.149287440123374360e-01
-6.118436643060464197e-01
-6.087343816780513839e-01
-6.056010191233732742e-01
-6.024437005895701969e-01
-5.992625509718368937e-01
-5.960576961080616964e-01
-5.928292627738516174e-01
-5.895773786775136971e-01
-5.863021724550074865e-01
-5.830037736648521207e-01
-5.796823127830056377e-01
-5.763379211976997762e-01
-5.729707312042460199e-01
-5.695808759997992299e-01
-5.661684896780914134e-01
-5.627337072241263005e-01
-5.592766645088378397e-01
-5.557974982837194933e-01
-5.522963461754102354e-01
-5.487733466802546811e-01
-5.452286391588203607e-01
-5.416623638303891264e-01
-5.380746617674065924e-01
-5.344656748899050402e-01
-5.308355459598861348e-01
-5.271844185756775492e-01
-5.235124371662480680e-01
-5.198197469854983765e-01
-5.161064941065138800e-01
-5.123728254157837725e-01
-5.086188886073956805e-01
-5.048448321771883407e-01
-5.010508054168814063e-01
-4.972369584081660632e-01
-4.934034420167729418e-01
-4.895504078864986730e-01
-4.856780084332128489e-01
-4.817863968388237939e-01
-4.778757270452236305e-01
-4.739461537481944320e-01
-4.699978323912926692e-01
-4.660309191596986866e-01
-4.620455709740364236e-01
-4.580419454841704874e-01
-4.540202010629652007e-01
-4.499804968000239991e-01
-4.459229924953923563e-01
-4.418478486532406158e-01
-4.377552264755101841e-01
-4.336452878555419610e-01
-4.295181953716671885e-01
-4.253741122807809250e-01
-4.212132025118797141e-01
-4.170356306595807139e-01
-4.128415619776091838e-01
-4.086311623722598263e-01
-4.044045983958377000e-01
-4.001620372400654935e-01
-3.959036467294747563e-01
-3.916295953147618247e-01
-3.873400520661295365e-01
-3.830351866665945848e-01
-3.787151694052798834e-01
-3.743801711706737367e-01
-3.700303634438741884e-01
-3.656659182918020057e-01
-3.612870083603971771e-01
-3.568938068677886544e-01
-3.524864875974394463e-01
-3.480652248912775582e-01
-3.436301936427939574e-01
-3.391815692901291590e-01
-3.347195278091287807e-01
-3.302442457063869963e-01
-3.257559000122595139e-01
-3.212546682738658399e-01
-3.167407285480610124e-01
-3.122142593943968425e-01
-3.076754398680537350e-01
-3.031244495127624616e-01
-2.985614683536992886e-01
-2.939866768903633965e-01
-2.894002560894409770e-01
-2.848023873776416304e-01
-2.801932526345265462e-01
-2.755730341853087628e-01
-2.709419147936464878e-01
-2.663000776544074411e-01
-2.616477063864278696e-01
-2.569849850252439172e-01
-2.523120980158166660e-01
-2.476292302052307548e-01
-2.429365668353867802e-01
-2.382342935356723812e-01
-2.335225963156161155e-01
-2.288016615575350077e-01
-2.240716760091557846e-01
-2.193328267762334471e-01
-2.145853013151443056e-01
-2.098292874254757967e-01
-2.050649732425928740e-01
-2.002925472302006238e-01
-1.955121981728841218e-01
-1.907241151686451808e-01
-1.859284876214202242e-01
-1.811255052335858373e-01
-1.763153579984595432e-01
-1.714982361927783749e-01
-1.666743303691776701e-01
-1.618438313486482150e-01
-1.570069302129928346e-01
-1.521638182972624431e-01
-1.473146871821925386e-01
-1.424597286866198242e-01
-1.375991348598994968e-01
-1.327330979743028827e-01
-1.278618105174160746e-01
-1.229854651845244673e-01
-1.181042548709870799e-01
-1.132183726646119881e-01
-1.083280118380119950e-01
-1.034333658409648526e-01
-9.853462829275616564e-02
-9.363199297452484693e-02
-8.872565382159258718e-02
-8.381580491579798675e-02
-7.890264047781325729e-02
-7.398635485946691848e-02
-6.906714253605095166e-02
-6.414519809863150623e-02
-5.922071624635039111e-02
-5.429389177872068206e-02
-4.936491958792577073e-02
-4.443399465110464686e-02
-3.950131202264450803e-02
-3.456706682645960260e-02
-2.963145424827762220e-02
-2.469466952791399272e-02
-1.975690795155338186e-02
-1.481836484401966025e-02
-9.879235561054966475e-03
-4.939715481585893464e-03
-2.220446049250313081e-16
