-3.330669073875469621e-16
4.936491958792521562e-02
9.853462829275483337e-02
1.473146871821912063e-01
1.955121981728834557e-01
2.429365668353855590e-01
2.894002560894397558e-01
3.347195278091281700e-01
3.787151694052794948e-01
4.212132025118784373e-01
4.620455709740358685e-01
5.010508054168809622e-01
5.380746617674054821e-01
5.729707312042451317e-01
6.056010191233727191e-01
6.358364908302429619e-01
6.635575818004519899e-01
6.886546704911371553e-01
7.110285118333832255e-01
7.305906296914441711e-01
7.472636667367920094e-01
7.609816903534585286e-01
7.716904533649695530e-01
7.793476085518473706e-01
7.839228761113792299e-01
7.853981633974482790e-01
7.837676364669157181e-01
7.790377431496309235e-01
7.712271875508394103e-01
7.603668560868186432e-01
7.464996953462283980e-01
7.296805422601686519e-01
7.099759072525249071e-01
6.874637112281207774e-01
6.622329774387516466e-01
6.343834794455873727e-01
6.040253465700653468e-01
5.712786283934896403e-01
5.362728200275137524e-01
4.991463500327728564e-01
4.600460330106967977e-01
4.191264890331680704e-01
3.765495322058798333e-01
3.324835307832718634e-01
2.871027413654572147e-01
2.405866198099917419e-01
1.931191115834667293e-01
1.448879243591976174e-01
9.608378573745879336e-02
4.689968902358965241e-02
-2.469869953515169136e-03
-5.182966196454674712e-02
-1.009844964031367809e-01
-1.497399931564582509e-01
-1.979033512707900622e-01
-2.452841113723723820e-01
-2.916949088286293068e-01
-3.369522146713646027e-01
-3.808770613520962578e-01
-4.232957504594416775e-01
-4.640405396000276128e-01
-5.029503057266369037e-01
-5.398711822905144508e-01
-5.746571676982429322e-01
-6.071707026670920548e-01
-6.372832141956901175e-01
-6.648756239989561667e-01
-6.898388193966841220e-01
-7.120740847936873896e-01
-7.314934920452375033e-01
-7.480202481641234913e-01
-7.615889989943217531e-01
-7.721460876504561144e-01
-7.796497667010163779e-01
-7.840703632563037484e-01
-7.853903963082550232e-01
-7.836046458581357177e-01
-7.787201735587399032e-01
-7.707562947894700534e-01
-7.597445022747223442e-01
-7.457283415476240185e-01
-7.287632387515992072e-01
-7.089162814606999596e-01
-6.862659533854653660e-01
-6.609018240133507360e-01
-6.329241944110860496e-01
-6.024437005895701969e-01
-5.695808759997991189e-01
-5.344656748899041521e-01
-4.972369584081652305e-01
-4.580419454841713756e-01
-4.170356306595816021e-01
-3.743801711706739588e-01
-3.302442457063866632e-01
-2.848023873776412973e-01
-2.382342935356740465e-01
-1.907241151686440706e-01
-1.424597286866209345e-01
-9.363199297452518000e-02
-4.443399465110497992e-02
4.939715481585116308e-03
5.429389177872057104e-02
1.034333658409619661e-01
1.521638182972602227e-01
2.002925472301984033e-01
2.476292302052292005e-01
2.939866768903625083e-01
3.391815692901258839e-01
3.830351866665944183e-01
4.253741122807785935e-01
4.660309191596967437e-01
5.048448321771872305e-01
5.416623638303881272e-01
5.763379211976991101e-01
6.087343816780510508e-01
6.387236352347567259e-01
6.661870909996623347e-01
6.910161462342796490e-01
7.131126157933813658e-01
7.323891203928150073e-01
7.487694321461120239e-01
7.621887760035115367e-01
7.725940859013651352e-01
7.799442146089858863e-01
7.842100964431357735e-01
7.853748622066802909e-01
7.834339058969117531e-01
7.783949029197347880e-01
7.702777797376922919e-01
7.591146350718542823e-01
7.449496129691790536e-01
7.278387282372826839e-01
7.078496449369375831e-01
6.850614088082342956e-01
6.595641346885099399e-01
6.314586501581407330e-01
6.008560968233640498e-01
5.678774908128678689e-01
5.326532442260998312e-01
4.953226494257327861e-01
4.560333282136099786e-01
4.149406480683779375e-01
3.722071077532675965e-01
3.280016947235793179e-01
2.824992168750339872e-01
2.358796112754433238e-01
1.883272326134143304e-01
1.400301241777739403e-01
9.117927425062444247e-02
4.196786085462544946e-02
-7.409512159003650567e-03
-5.675758466077263087e-02
-1.058812123884709244e-01
-1.545861386345096511e-01
-2.026797624234788486e-01
-2.499719001422144871e-01
-2.962755376105112304e-01
-3.414075696185131514e-01
-3.851895240062800374e-01
-4.274482674222137013e-01
-4.680166899694572225e-01
-5.067343660328690325e-01
-5.434481886733805167e-01
-5.780129750810251155e-01
-6.102920406924544627e-01
-6.401577397025892679e-01
-6.674919698329965234e-01
-6.921866393609102941e-01
-7.141440945620549652e-01
-7.332775058769783749e-01
-7.495112112738038235e-01
-7.627810154496145190e-01
-7.730344436872778058e-01
-7.802309493638529547e-01
-7.843420742900023557e-01
-7.853515612463461970e-01
-7.832554182717542668e-01
-7.780619344493365785e-01
-7.697916471277151951e-01
-7.584772607072006734e-01
-7.441635173120243474e-01
-7.269070198600436905e-01
-7.067760082295949653e-01
-6.838500894086099180e-01
-6.582199226931305658e-01
-6.299868611800509832e-01
-5.992625509718367827e-01
-5.661684896780931897e-01
-5.308355459598875781e-01
-4.934034420167738855e-01
-4.540202010629662555e-01
-4.128415619776096834e-01
-3.700303634438741329e-01
-3.257559000122593473e-01
-2.801932526345283225e-01
-2.335225963156180029e-01
-1.859284876214214455e-01
-1.375991348599000519e-01
-8.872565382159314229e-02
-3.950131202264717256e-02
9.879235561053967274e-03
5.922071624634739351e-02
1.083280118380123280e-01
1.570069302129905031e-01
2.050649732425912086e-01
2.523120980158151117e-01
2.985614683536959024e-01
3.436301936427912374e-01
3.873400520661267610e-01
4.295181953716673551e-01
4.699978323912912259e-01
5.086188886073945703e-01
5.452286391588196945e-01
5.796823127830030842e-01
6.118436643060443103e-01
6.415855134168071405e-01
6.687902475945328717e-01
6.933502872011401141e-01
7.151685108990384343e-01
7.341586397121615537e-01
7.502455782114747507e-01
7.633657114757579354e-01
7.734671566533355413e-01
7.805099681299934034e-01
7.844662954917260844e-01
7.853204936576847484e-01
7.830691847477926348e-01
7.777212714403918259e-01
7.692979017670822373e-01
7.578323854839901230e-01
7.433700623501455773e-01
7.259681228338845660e-01
7.056953819562570285e-01
6.826320071657749899e-01
6.568692013206138824e-01
6.285088420318780678e-01
5.976630787941492606e-01
5.644538894964095110e-01
5.290125980671465111e-01
4.914793551610312505e-01
4.520025839407855184e-01
4.107383931459032134e-01
3.678499597691180512e-01
3.235068837819079501e-01
2.778845174606439095e-01
2.311632719655738466e-01
1.835279039147303948e-01
1.351667847739430606e-01
8.627115595217671462e-02
3.703437254776920096e-02
-1.234886126373402337e-02
-6.168326217663711031e-02
-1.107737399922904542e-01
-1.594261690926168651e-01
-2.074481560993122198e-01
-2.546498006829545080e-01
-3.008444465135150514e-01
-3.458494193826245344e-01
-3.894867495787777134e-01
-4.315838756588619152e-01
-4.719743268329631980e-01
-5.104983812640273566e-01
-5.470036976791766703e-01
-5.813459177949450440e-01
-6.133892371742507565e-01
-6.430069422576347726e-01
-6.700819114451314062e-01
-6.945070782472321236e-01
-7.161858546735024866e-01
-7.350325131845082405e-01
-7.509725256967026974e-01
-7.639428582996692363e-01
-7.738922205202819482e-01
-7.807812681480883477e-01
-7.845827588198391878e-01
-7.852816597479345129e-01
-7.828752071667581802e-01
-7.773729172618409899e-01
-7.687965485386231146e-01
-7.571800157796279018e-01
-7.425692559303098683e-01
-7.250220464439027790e-01
-7.046077768036305145e-01
-6.814071741257836656e-01
-6.555119839287373296e-01
-6.270246073302939704e-01
-5.960576961080616964e-01
-5.627337072241277438e-01
-5.271844185756786594e-01
-4.895504078864997277e-01
-4.499804968000246652e-01
-4.086311623722628794e-01
-3.656659182918021167e-01
-3.212546682738678938e-01
-2.755730341853107612e-01
-2.288016615575363399e-01
-1.811255052335872806e-01
-1.327330979743035488e-01
-8.381580491579798675e-02
-3.456706682645949158e-02
1.481836484401644061e-02
6.414519809862906374e-02
1.132183726646094346e-01
1.618438313486464386e-01
2.098292874254740203e-01
2.569849850252428070e-01
3.031244495127620731e-01
3.480652248912745605e-01
3.916295953147597153e-01
4.336452878555399071e-01
4.739461537481908238e-01
5.123728254157828843e-01
5.487733466802515725e-01
5.830037736648479019e-01
6.149287440123354376e-01
6.444220121680463986e-01
6.713669486110538376e-01
6.956570010592568742e-01
7.171961158245656609e-01
7.358991176519658062e-01
7.516920465404377527e-01
7.645124502137328193e-01
7.743096310845050123e-01
7.810448467351527313e-01
7.846914631225925252e-01
7.852350599011381771e-01
7.826734874469658543e-01
7.770168753586863541e-01
7.682875924004002322e-01
7.565201580456371033e-01
7.417611059719850797e-01
7.240688000461923401e-01
7.035132035274411777e-01
6.801756024014615765e-01
6.541482839395156290e-01
6.255341717534363966e-01
5.944464187897955387e-01
5.610079598727584216e-01
5.253510255650160055e-01
4.876166192692461543e-01
4.479539596378394606e-01
4.065198904958584603e-01
3.634782606107149761e-01
3.189992757611153085e-01
2.732588256676260485e-01
2.264377884463302237e-01
1.787213153361979501e-01
1.302980985285961957e-01
8.135962499432269901e-02
3.209941925880810398e-02
-1.728772188007854371e-02
-6.660649966533127575e-02
-1.156618856791096217e-01
-1.642598930719401107e-01
-2.122083436732019601e-01
-2.593176279491816727e-01
-3.054014548036518284e-01
-3.502775882558392673e-01
-3.937685680826861767e-01
-4.357024115756362725e-01
-4.759132936368644651e-01
-5.142422025255942719e-01
-5.505375686613399600e-01
-5.846558639975792948e-01
-6.164621695955548875e-01
-6.458307091538928457e-01
-6.726453463841024494e-01
-6.968000442652106940e-01
-7.181992843613838051e-01
-7.367584445443656760e-01
-7.524041336270749225e-01
-7.650744815850463176e-01
-7.747193842180807311e-01
-7.813007012845614163e-01
-7.847924073249695764e-01
-7.851806945781385494e-01
-7.824640275832954739e-01
-7.766531492519558322e-01
-7.677710383856686249e-01
-7.558528188075922527e-01
-7.409456204672598689e-01
-7.231083930677525418e-01
-7.024116729523248726e-01
-6.789373041722694957e-01
-6.527781148390821020e-01
-6.240375500407664422e-01
-5.928292627738512843e-01
-5.592766645088395050e-01
-5.235124371662513987e-01
-4.856780084332179559e-01
-4.459229924953954649e-01
-4.044045983958378665e-01
-3.612870083603999527e-01
-3.167407285480605683e-01
-2.709419147936480421e-01
-2.240716760091546744e-01
-1.763153579984604313e-01
-1.278618105174197384e-01
-7.890264047781903045e-02
-2.963145424827995367e-02
1.975690795155260471e-02
6.906714253604817610e-02
1.181042548709823059e-01
1.666743303691702316e-01
2.145853013151456379e-01
2.616477063864264263e-01
3.076754398680505709e-01
3.524864875974345058e-01
3.959036467294725359e-01
4.377552264755106837e-01
4.778757270452218542e-01
5.161064941065107714e-01
5.522963461754057946e-01
5.863021724550052660e-01
6.179894987593039790e-01
6.472330192840580754e-01
6.739170921217267907e-01
6.979361965611168284e-01
7.191953503632608768e-01
7.376104853635130354e-01
7.531087799145255168e-01
7.656289468554764444e-01
7.751214758688083073e-01
7.815488292660761616e-01
7.848855904286966556e-01
7.851185643165743411e-01
7.822468296471720706e-01
7.762817425386703274e-01
7.672468916028185593e-01
7.551780046650540257e-01
7.401228074807688628e-01
7.221408350064029147e-01
7.013031959717184183e-01
6.776922916841880973e-01
6.514014901775364574e-01
6.225347569929229330e-01
5.912062440528840224e-01
5.575398382537926079e-01
5.216686715618528147e-01
4.837345945500306499e-01
4.438876154576687494e-01
4.022853069910969914e-01
3.590921832109454925e-01
3.144790489702966596e-01
2.686223244761514195e-01
2.217033476453700302e-01
1.739076570137789712e-01
1.254242580341101698e-01
7.644487566428448400e-02
2.716319620148188729e-02
-2.222589863973944979e-02
-7.152710237657000647e-02
-1.205454560867686986e-01
-1.690871193631040548e-01
-2.169601368446870682e-01
-2.639751972939681224e-01
-3.099463822176947159e-01
-3.546919010714679743e-01
-3.980348101405484229e-01
-4.398037122541132993e-01
-4.798334345660338895e-01
-5.179656817218762921e-01
-5.540496618292602982e-01
-5.879426827561837765e-01
-6.195107163992665811e-01
-6.486289286905856377e-01
-6.751821732471771087e-01
-6.990654467111527826e-01
-7.201843039797294344e-01
-7.384552316832608820e-01
-7.538059784342870939e-01
-7.661758405417149476e-01
-7.755159020602576669e-01
-7.817892282258681602e-01
-7.849710115122514598e-01
-7.850486697308745043e-01
-7.820218957865454623e-01
-7.759026588918058742e-01
-7.667151572353296807e-01
-7.544957222915061879e-01
-7.392926751496075033e-01
-7.211661354306762028e-01
-7.001877835477553491e-01
-6.764405772496059344e-01
-6.500184235688222234e-01
-6.210258074715714338e-01
-5.895773786775153624e-01
-5.557974982837228239e-01
-5.198197469854998198e-01
-4.817863968388269025e-01
-4.418478486532408933e-01
-4.001620372400683245e-01
-3.568938068677933173e-01
-3.122142593943984523e-01
-2.663000776544064419e-01
-2.193328267762345574e-01
-1.714982361927821497e-01
-1.229854651845249114e-01
-7.398635485946947199e-02
-2.469466952791365966e-02
2.469466952791099512e-02
7.398635485946125634e-02
1.229854651845166957e-01
1.714982361927740451e-01
2.193328267762320039e-01
2.663000776544039994e-01
3.122142593943961764e-01
3.568938068677860453e-01
4.001620372400660486e-01
4.418478486532386729e-01
4.817863968388202967e-01
5.198197469854977104e-01
5.557974982837170508e-01
5.895773786775100334e-01
6.210258074715697685e-01
6.500184235688175605e-01
6.764405772496016045e-01
7.001877835477516854e-01
7.211661354306728722e-01
7.392926751496065041e-01
7.544957222915054107e-01
7.667151572353279043e-01
7.759026588918043199e-01
7.820218957865452403e-01
7.850486697308740602e-01
7.849710115122519039e-01
7.817892282258689374e-01
7.755159020602588882e-01
7.661758405417153917e-01
7.538059784342876490e-01
7.384552316832637686e-01
7.201843039797326540e-01
6.990654467111541148e-01
6.751821732471814386e-01
6.486289286905904117e-01
6.195107163992716881e-01
5.879426827561891056e-01
5.540496618292620745e-01
5.179656817218785125e-01
4.798334345660406619e-01
4.398037122541202937e-01
3.980348101405555283e-01
3.546919010714704168e-01
3.099463822176973249e-01
2.639751972939758939e-01
2.169601368446949508e-01
1.690871193631067193e-01
1.205454560867713631e-01
7.152710237657822212e-02
2.222589863974777646e-02
-2.716319620147367164e-02
-7.644487566428181946e-02
-1.254242580341075053e-01
-1.739076570137709776e-01
-2.217033476453673657e-01
-2.686223244761435369e-01
-3.144790489702890546e-01
-3.590921832109429390e-01
-4.022853069910900525e-01
-4.438876154576618105e-01
-4.837345945500285960e-01
-5.216686715618508163e-01
-5.575398382537868347e-01
-5.912062440528824681e-01
-6.225347569929178260e-01
-6.514014901775319055e-01
-6.776922916841866540e-01
-7.013031959717146435e-01
-7.221408350063994730e-01
-7.401228074807659763e-01
-7.551780046650532485e-01
-7.672468916028170050e-01
-7.762817425386697723e-01
-7.822468296471716265e-01
-7.851185643165741190e-01
-7.848855904286967666e-01
-7.815488292660769387e-01
-7.751214758688095285e-01
-7.656289468554782207e-01
-7.531087799145279593e-01
-7.376104853635139236e-01
-7.191953503632618760e-01
-6.979361965611204921e-01
-6.739170921217308985e-01
-6.472330192840596297e-01
-6.179894987593090860e-01
-5.863021724550105951e-01
-5.522963461754115677e-01
-5.161064941065167666e-01
-4.778757270452241857e-01
-4.377552264755130151e-01
-3.959036467294795858e-01
-3.524864875974418332e-01
-3.076754398680581759e-01
-2.616477063864292019e-01
-2.145853013151483024e-01
-1.666743303691783362e-01
-1.181042548709905216e-01
-6.906714253605084064e-02
-1.975690795155526924e-02
2.963145424827173802e-02
7.890264047781070378e-02
1.278618105174116337e-01
1.763153579984578778e-01
2.240716760091518989e-01
2.709419147936400485e-01
3.167407285480581258e-01
3.612870083603927363e-01
4.044045983958355350e-01
4.459229924953886925e-01
4.856780084332115166e-01
5.235124371662451814e-01
5.592766645088376176e-01
5.928292627738493970e-01
6.240375500407613352e-01
6.527781148390807697e-01
6.789373041722654989e-01
7.024116729523210978e-01
7.231083930677513205e-01
7.409456204672570934e-01
7.558528188075899212e-01
7.677710383856677367e-01
7.766531492519554991e-01
7.824640275832945857e-01
7.851806945781383273e-01
7.847924073249699095e-01
7.813007012845625265e-01
7.747193842180810641e-01
7.650744815850480940e-01
7.524041336270772540e-01
7.367584445443684515e-01
7.181992843613873578e-01
6.968000442652120263e-01
6.726453463841037816e-01
6.458307091538941780e-01
6.164621695955601055e-01
5.846558639975811822e-01
5.505375686613458441e-01
5.142422025256003781e-01
4.759132936368755118e-01
4.357024115756431559e-01
3.937685680826883416e-01
3.502775882558417653e-01
3.054014548036543264e-01
2.593176279491895553e-01
2.122083436732045136e-01
1.642598930719426642e-01
1.156618856791122862e-01
6.660649966534504252e-02
1.728772188008675936e-02
-3.209941925879988833e-02
-8.135962499432003447e-02
-1.302980985285880910e-01
-1.787213153361899565e-01
-2.264377884463277812e-01
-2.732588256676237171e-01
-3.189992757611128660e-01
-3.634782606107077041e-01
-4.065198904958561288e-01
-4.479539596378325217e-01
-4.876166192692439338e-01
-5.253510255650096772e-01
-5.610079598727527594e-01
-5.944464187897865459e-01
-6.255341717534346202e-01
-6.541482839395110771e-01
-6.801756024014573576e-01
-7.035132035274400675e-01
-7.240688000461891205e-01
-7.417611059719840805e-01
-7.565201580456363262e-01
-7.682875924003996770e-01
-7.770168753586849109e-01
-7.826734874469655212e-01
-7.852350599011379551e-01
-7.846914631225928582e-01
-7.810448467351535085e-01
-7.743096310845065666e-01
-7.645124502137345956e-01
-7.516920465404386409e-01
-7.358991176519664723e-01
-7.171961158245688805e-01
-6.956570010592582065e-01
-6.713669486110579454e-01
-6.444220121680479529e-01
-6.149287440123405446e-01
-5.830037736648535640e-01
-5.487733466802576787e-01
-5.123728254157848827e-01
-4.739461537481973186e-01
-4.336452878555466794e-01
-3.916295953147690967e-01
-3.480652248912820546e-01
-3.031244495127644045e-01
-2.569849850252480250e-01
-2.098292874254765739e-01
-1.618438313486517677e-01
-1.132183726646120991e-01
-6.414519809863450384e-02
-1.481836484402465626e-02
3.456706682645127593e-02
8.381580491579254666e-02
1.327330979742954442e-01
1.811255052335819515e-01
2.288016615575338975e-01
2.755730341853057652e-01
3.212546682738652848e-01
3.656659182917996187e-01
4.086311623722558295e-01
4.499804968000178373e-01
4.895504078864956199e-01
5.271844185756724421e-01
5.627337072241240801e-01
5.960576961080581437e-01
6.270246073302923051e-01
6.555119839287295580e-01
6.814071741257823334e-01
7.046077768036282940e-01
7.250220464438998924e-01
7.425692559303089801e-01
7.571800157796264585e-01
7.687965485386221154e-01
7.773729172618402128e-01
7.828752071667579582e-01
7.852816597479341798e-01
7.845827588198392988e-01
7.807812681480890138e-01
7.738922205202833915e-01
7.639428582996712347e-01
7.509725256967045848e-01
7.350325131845092397e-01
7.161858546735049291e-01
6.945070782472333448e-01
6.700819114451357361e-01
6.430069422576363269e-01
6.133892371742559746e-01
5.813459177949484857e-01
5.470036976791825545e-01
5.104983812640313534e-01
4.719743268329676944e-01
4.315838756588665781e-01
3.894867495787850409e-01
3.458494193826320284e-01
3.008444465135149404e-01
2.546498006829620575e-01
2.074481560993148843e-01
1.594261690926223052e-01
1.107737399922931187e-01
6.168326217664532596e-02
1.234886126373668791e-02
-3.703437254776376086e-02
-8.627115595216849897e-02
-1.351667847739348449e-01
-1.835279039147224012e-01
-2.311632719655659640e-01
-2.778845174606385804e-01
-3.235068837819055632e-01
-3.678499597691130552e-01
-4.107383931459008819e-01
-4.520025839407832979e-01
-4.914793551610246447e-01
-5.290125980671405159e-01
-5.644538894964057363e-01
-5.976630787941437095e-01
-6.285088420318762914e-01
-6.568692013206094416e-01
-6.826320071657722144e-01
-7.056953819562509223e-01
-7.259681228338835668e-01
-7.433700623501439120e-01
-7.578323854839879026e-01
-7.692979017670817932e-01
-7.777212714403908267e-01
-7.830691847477926348e-01
-7.853204936576846373e-01
-7.844662954917265285e-01
-7.805099681299946246e-01
-7.734671566533360965e-01
-7.633657114757601558e-01
-7.502455782114771932e-01
-7.341586397121644403e-01
-7.151685108990406547e-01
-6.933502872011415574e-01
-6.687902475945357583e-01
-6.415855134168089169e-01
-6.118436643060514157e-01
-5.796823127830048605e-01
-5.452286391588256897e-01
-5.086188886073987891e-01
-4.699978323912979983e-01
-4.295181953716697421e-01
-3.873400520661340329e-01
-3.436301936427961223e-01
-2.985614683537033964e-01
-2.523120980158228832e-01
-2.050649732425912086e-01
-1.570069302129986077e-01
-1.083280118380149926e-01
-5.922071624635560916e-02
-9.879235561056742831e-03
3.950131202263884589e-02
8.872565382159047775e-02
1.375991348598947228e-01
1.859284876214134519e-01
2.335225963156073448e-01
2.801932526345205510e-01
3.257559000122518533e-01
3.700303634438693035e-01
4.128415619776073520e-01
4.540202010629617035e-01
4.934034420167716650e-01
5.308355459598834702e-01
5.661684896780876386e-01
5.992625509718314536e-01
6.299868611800478746e-01
6.582199226931260139e-01
6.838500894086085857e-01
7.067760082295910795e-01
7.269070198600393606e-01
7.441635173120200175e-01
7.584772607071998962e-01
7.697916471277141959e-01
7.780619344493353573e-01
7.832554182717537117e-01
7.853515612463461970e-01
7.843420742900022447e-01
7.802309493638539539e-01
7.730344436872773617e-01
7.627810154496170725e-01
7.495112112738047117e-01
7.332775058769842591e-01
7.141440945620585179e-01
6.921866393609144019e-01
6.674919698330024076e-01
6.401577397025908223e-01
6.102920406924579044e-01
5.780129750810305556e-01
5.434481886733883993e-01
5.067343660328709198e-01
4.680166899694593319e-01
4.274482674222184198e-01
3.851895240062872539e-01
3.414075696185130404e-01
2.962755376105239424e-01
2.499719001422195941e-01
2.026797624234760731e-01
1.545861386345177557e-01
1.058812123884708134e-01
5.675758466078650866e-02
7.409512159009090659e-03
-4.196786085461723381e-02
-9.117927425061622682e-02
-1.400301241777712757e-01
-1.883272326134117769e-01
-2.358796112754382168e-01
-2.824992168750264376e-01
-3.280016947235719349e-01
-3.722071077532651540e-01
-4.149406480683757170e-01
-4.560333282136052602e-01
-4.953226494257351176e-01
-5.326532442260918376e-01
-5.678774908128660925e-01
-6.008560968233603861e-01
-6.314586501581356259e-01
-6.595641346885054990e-01
-6.850614088082288555e-01
-7.078496449369364729e-01
-7.278387282372805744e-01
-7.449496129691766111e-01
-7.591146350718545044e-01
-7.702777797376916258e-01
-7.783949029197342329e-01
-7.834339058969114200e-01
-7.853748622066801799e-01
-7.842100964431355514e-01
-7.799442146089874406e-01
-7.725940859013656903e-01
-7.621887760035134241e-01
-7.487694321461143554e-01
-7.323891203928188931e-01
-7.131126157933826981e-01
-6.910161462342819805e-01
-6.661870909996666645e-01
-6.387236352347613888e-01
-6.087343816780512729e-01
-5.763379211977009975e-01
-5.416623638303921240e-01
-5.048448321771850100e-01
-4.660309191597057921e-01
-4.253741122807807584e-01
-3.830351866666066307e-01
-3.391815692901334334e-01
-2.939866768903703353e-01
-2.476292302052397476e-01
-2.002925472302009569e-01
-1.521638182972656628e-01
-1.034333658409701817e-01
-5.429389177872878669e-02
-4.939715481585005286e-03
4.443399465110231539e-02
9.363199297451973990e-02
1.424597286866127188e-01
1.907241151686469571e-01
2.382342935356607239e-01
2.848023873776386328e-01
3.302442457063816672e-01
3.743801711706666868e-01
4.170356306595721652e-01
4.580419454841602178e-01
4.972369584081632876e-01
5.344656748899001553e-01
5.695808759997935677e-01
6.024437005895704189e-01
6.329241944110846063e-01
6.609018240133477384e-01
6.862659533854613692e-01
7.089162814606964069e-01
7.287632387515980970e-01
7.457283415476196886e-01
7.597445022747206789e-01
7.707562947894686101e-01
7.787201735587383489e-01
7.836046458581353846e-01
7.853903963082549122e-01
7.840703632563041925e-01
7.796497667010175991e-01
7.721460876504582238e-01
7.615889989943223082e-01
7.480202481641244905e-01
7.314934920452405009e-01
7.120740847936861684e-01
6.898388193966893400e-01
6.648756239989574990e-01
6.372832141956998875e-01
6.071707026670973839e-01
5.746571676982428212e-01
5.398711822905224444e-01
5.029503057266389021e-01
4.640405396000317761e-01
4.232957504594487830e-01
3.808770613521059722e-01
3.369522146713670452e-01
2.916949088286318048e-01
2.452841113723800426e-01
1.979033512707980558e-01
1.497399931564581399e-01
1.009844964031505476e-01
5.182966196455229824e-02
2.469869953510950289e-03
-4.689968902357999347e-02
-9.608378573745879336e-02
-1.448879243591840726e-01
-1.931191115834615113e-01
-2.405866198099839703e-01
-2.871027413654483884e-01
-3.324835307832708087e-01
-3.765495322058760586e-01
-4.191264890331635184e-01
-4.600460330106902473e-01
-4.991463500327729674e-01
-5.362728200275117540e-01
-5.712786283934868647e-01
-6.040253465700609059e-01
-6.343834794455890380e-01
-6.622329774387455403e-01
-6.874637112281192231e-01
-7.099759072525223536e-01
-7.296805422601659874e-01
-7.464996953462252893e-01
-7.603668560868154236e-01
-7.712271875508387442e-01
-7.790377431496304794e-01
-7.837676364669152740e-01
-7.853981633974482790e-01
-7.839228761113792299e-01
-7.793476085518478147e-01
-7.716904533649708853e-01
-7.609816903534605270e-01
-7.472636667367918983e-01
-7.305906296914490561e-01
-7.110285118333855570e-01
-6.886546704911403749e-01
-6.635575818004570969e-01
-6.358364908302492902e-01
-6.056010191233746065e-01
-5.729707312042489065e-01
-5.380746617674115884e-01
-5.010508054168882897e-01
-4.620455709740369787e-01
-4.212132025118820455e-01
-3.787151694052841577e-01
-3.347195278091256165e-01
-2.894002560894500808e-01
-2.429365668353881125e-01
-1.955121981728982217e-01
-1.473146871821979786e-01
-9.853462829276449231e-02
-4.936491958793620682e-02
-2.331468351712828735e-15
