0.000000000000000000e+00
4.936491958792510459e-02
9.853462829275583257e-02
1.473146871821917614e-01
1.955121981728834557e-01
2.429365668353864471e-01
2.894002560894404219e-01
3.347195278091283921e-01
3.787151694052792728e-01
4.212132025118793255e-01
4.620455709740360906e-01
5.010508054168807401e-01
5.380746617674063703e-01
5.729707312042453538e-01
6.056010191233727191e-01
6.358364908302427398e-01
6.635575818004522120e-01
6.886546704911371553e-01
7.110285118333836696e-01
7.305906296914441711e-01
7.472636667367920094e-01
7.609816903534585286e-01
7.716904533649697751e-01
7.793476085518473706e-01
7.839228761113792299e-01
7.853981633974482790e-01
7.837676364669157181e-01
7.790377431496309235e-01
7.712271875508396324e-01
7.603668560868184212e-01
7.464996953462281759e-01
7.296805422601686519e-01
7.099759072525244630e-01
6.874637112281203333e-01
6.622329774387516466e-01
6.343834794455873727e-01
6.040253465700649027e-01
5.712786283934896403e-01
5.362728200275128643e-01
4.991463500327724123e-01
4.600460330106967977e-01
4.191264890331685145e-01
3.765495322058793892e-01
3.324835307832716413e-01
2.871027413654572147e-01
2.405866198099910758e-01
1.931191115834663963e-01
1.448879243591979504e-01
9.608378573745901541e-02
4.689968902358887526e-02
-2.469869953515280159e-03
-5.182966196454785734e-02
-1.009844964031371140e-01
-1.497399931564582509e-01
-1.979033512707897291e-01
-2.452841113723740474e-01
-2.916949088286283631e-01
-3.369522146713658795e-01
-3.808770613520969239e-01
-4.232957504594419551e-01
-4.640405396000278349e-01
-5.029503057266366817e-01
-5.398711822905138957e-01
-5.746571676982439314e-01
-6.071707026670927210e-01
-6.372832141956908947e-01
-6.648756239989563888e-01
-6.898388193966838999e-01
-7.120740847936869455e-01
-7.314934920452381695e-01
-7.480202481641232692e-01
-7.615889989943218641e-01
-7.721460876504561144e-01
-7.796497667010164889e-01
-7.840703632563037484e-01
-7.853903963082550232e-01
-7.836046458581354957e-01
-7.787201735587397922e-01
-7.707562947894698313e-01
-7.597445022747222332e-01
-7.457283415476242405e-01
-7.287632387515985410e-01
-7.089162814607004037e-01
-6.862659533854643668e-01
-6.609018240133504030e-01
-6.329241944110853835e-01
-6.024437005895700858e-01
-5.695808759997991189e-01
-5.344656748899043741e-01
-4.972369584081660632e-01
-4.580419454841704874e-01
-4.170356306595812690e-01
-3.743801711706736257e-01
-3.302442457063869963e-01
-2.848023873776421855e-01
-2.382342935356722702e-01
-1.907241151686450698e-01
-1.424597286866204904e-01
-9.363199297452418080e-02
-4.443399465110453583e-02
4.939715481584783241e-03
5.429389177872023797e-02
1.034333658409637424e-01
1.521638182972613329e-01
2.002925472301987364e-01
2.476292302052294225e-01
2.939866768903622862e-01
3.391815692901274382e-01
3.830351866665935301e-01
4.253741122807799258e-01
4.660309191596969658e-01
5.048448321771881186e-01
5.416623638303885713e-01
5.763379211976988881e-01
6.087343816780510508e-01
6.387236352347560597e-01
6.661870909996627788e-01
6.910161462342800931e-01
7.131126157933815879e-01
7.323891203928147853e-01
7.487694321461120239e-01
7.621887760035119808e-01
7.725940859013649131e-01
7.799442146089858863e-01
7.842100964431357735e-01
7.853748622066802909e-01
7.834339058969117531e-01
7.783949029197347880e-01
7.702777797376918478e-01
7.591146350718542823e-01
7.449496129691786095e-01
7.278387282372824618e-01
7.078496449369375831e-01
6.850614088082340736e-01
6.595641346885103840e-01
6.314586501581394007e-01
6.008560968233636057e-01
5.678774908128676469e-01
5.326532442260998312e-01
4.953226494257336743e-01
4.560333282136095345e-01
4.149406480683788256e-01
3.722071077532671524e-01
3.280016947235802061e-01
2.824992168750337651e-01
2.358796112754428798e-01
1.883272326134139973e-01
1.400301241777721639e-01
9.117927425062544167e-02
4.196786085462367311e-02
-7.409512159003983633e-03
-5.675758466077307496e-02
-1.058812123884712575e-01
-1.545861386345099842e-01
-2.026797624234806250e-01
-2.499719001422148201e-01
-2.962755376105128957e-01
-3.414075696185134845e-01
-3.851895240062804260e-01
-4.274482674222139233e-01
-4.680166899694563343e-01
-5.067343660328704757e-01
-5.434481886733807388e-01
-5.780129750810253375e-01
-6.102920406924546848e-01
-6.401577397025894900e-01
-6.674919698329967455e-01
-6.921866393609098500e-01
-7.141440945620551872e-01
-7.332775058769784859e-01
-7.495112112738043786e-01
-7.627810154496146300e-01
-7.730344436872779168e-01
-7.802309493638531768e-01
-7.843420742900022447e-01
-7.853515612463461970e-01
-7.832554182717543778e-01
-7.780619344493365785e-01
-7.697916471277150841e-01
-7.584772607072005624e-01
-7.441635173120237923e-01
-7.269070198600435795e-01
-7.067760082295948543e-01
-6.838500894086103621e-01
-6.582199226931302327e-01
-6.299868611800508722e-01
-5.992625509718374488e-01
-5.661684896780920795e-01
-5.308355459598872450e-01
-4.934034420167724977e-01
-4.540202010629659224e-01
-4.128415619776093504e-01
-3.700303634438737443e-01
-3.257559000122602910e-01
-2.801932526345278784e-01
-2.335225963156175588e-01
-1.859284876214197801e-01
-1.375991348598996078e-01
-8.872565382159269820e-02
-3.950131202264539620e-02
9.879235561052968073e-03
5.922071624634772657e-02
1.083280118380113288e-01
1.570069302129908362e-01
2.050649732425916527e-01
2.523120980158153337e-01
2.985614683536974567e-01
3.436301936427916814e-01
3.873400520661269830e-01
4.295181953716664669e-01
4.699978323912916700e-01
5.086188886073945703e-01
5.452286391588188064e-01
5.796823127830041944e-01
6.118436643060447544e-01
6.415855134168082508e-01
6.687902475945330938e-01
6.933502872011403362e-01
7.151685108990386563e-01
7.341586397121611096e-01
7.502455782114749727e-01
7.633657114757579354e-01
7.734671566533359854e-01
7.805099681299934034e-01
7.844662954917263065e-01
7.853204936576847484e-01
7.830691847477928569e-01
7.777212714403918259e-01
7.692979017670824593e-01
7.578323854839899010e-01
7.433700623501455773e-01
7.259681228338843439e-01
7.056953819562563623e-01
6.826320071657747679e-01
6.568692013206129943e-01
6.285088420318787339e-01
5.976630787941488165e-01
5.644538894964090670e-01
5.290125980671473993e-01
4.914793551610296962e-01
4.520025839407850743e-01
4.107383931459016591e-01
3.678499597691176071e-01
3.235068837819075060e-01
2.778845174606434654e-01
2.311632719655749568e-01
1.835279039147299507e-01
1.351667847739440598e-01
8.627115595217493826e-02
3.703437254776875687e-02
-1.234886126373435644e-02
-6.168326217663888666e-02
-1.107737399922894550e-01
-1.594261690926171982e-01
-2.074481560993113316e-01
-2.546498006829548411e-01
-3.008444465135153845e-01
-3.458494193826248675e-01
-3.894867495787780465e-01
-4.315838756588623037e-01
-4.719743268329635311e-01
-5.104983812640275787e-01
-5.470036976791770034e-01
-5.813459177949453771e-01
-6.133892371742509786e-01
-6.430069422576349947e-01
-6.700819114451315173e-01
-6.945070782472322346e-01
-7.161858546735025977e-01
-7.350325131845083515e-01
-7.509725256967028084e-01
-7.639428582996693473e-01
-7.738922205202820592e-01
-7.807812681480883477e-01
-7.845827588198391878e-01
-7.852816597479345129e-01
-7.828752071667581802e-01
-7.773729172618409899e-01
-7.687965485386230036e-01
-7.571800157796277908e-01
-7.425692559303097573e-01
-7.250220464439026680e-01
-7.046077768036304034e-01
-6.814071741257834436e-01
-6.555119839287371075e-01
-6.270246073302937484e-01
-5.960576961080614744e-01
-5.627337072241275218e-01
-5.271844185756782153e-01
-4.895504078864995057e-01
-4.499804968000243321e-01
-4.086311623722624908e-01
-3.656659182918017836e-01
-3.212546682738675052e-01
-2.755730341853103171e-01
-2.288016615575360069e-01
-1.811255052335868365e-01
-1.327330979743032158e-01
-8.381580491579765368e-02
-3.456706682645915851e-02
1.481836484401677367e-02
6.414519809862939681e-02
1.132183726646097677e-01
1.618438313486467717e-01
2.098292874254743534e-01
2.569849850252432510e-01
3.031244495127625171e-01
3.480652248912750046e-01
3.916295953147599374e-01
4.336452878555401291e-01
4.739461537481910458e-01
5.123728254157831064e-01
5.487733466802542370e-01
5.830037736648499003e-01
6.149287440123356596e-01
6.444220121680450664e-01
6.713669486110540596e-01
6.956570010592582065e-01
7.171961158245656609e-01
7.358991176519658062e-01
7.516920465404370866e-01
7.645124502137328193e-01
7.743096310845054564e-01
7.810448467351527313e-01
7.846914631225925252e-01
7.852350599011381771e-01
7.826734874469658543e-01
7.770168753586861321e-01
7.682875924004002322e-01
7.565201580456375474e-01
7.417611059719848576e-01
7.240688000461910079e-01
7.035132035274409557e-01
6.801756024014613544e-01
6.541482839395169613e-01
6.255341717534359525e-01
5.944464187897953167e-01
5.610079598727562011e-01
5.253510255650155614e-01
4.876166192692479306e-01
4.479539596378367960e-01
4.065198904958580162e-01
3.634782606107147540e-01
3.189992757611175289e-01
2.732588256676258265e-01
2.264377884463297796e-01
1.787213153361948414e-01
1.302980985285958626e-01
8.135962499432503048e-02
3.209941925880777092e-02
-1.728772188007887678e-02
-6.660649966533438437e-02
-1.156618856791072902e-01
-1.642598930719404438e-01
-2.122083436732022932e-01
-2.593176279491845593e-01
-3.054014548036521615e-01
-3.502775882558371023e-01
-3.937685680826865098e-01
-4.357024115756366056e-01
-4.759132936368670186e-01
-5.142422025255944940e-01
-5.505375686613401820e-01
-5.846558639975776295e-01
-6.164621695955551095e-01
-6.458307091538929567e-01
-6.726453463841012281e-01
-6.968000442652108051e-01
-7.181992843613840272e-01
-7.367584445443667862e-01
-7.524041336270750335e-01
-7.650744815850463176e-01
-7.747193842180802870e-01
-7.813007012845615273e-01
-7.847924073249696875e-01
-7.851806945781384384e-01
-7.824640275832954739e-01
-7.766531492519562763e-01
-7.677710383856679588e-01
-7.558528188075920307e-01
-7.409456204672597579e-01
-7.231083930677533189e-01
-7.024116729523246505e-01
-6.789373041722679414e-01
-6.527781148390819910e-01
-6.240375500407662201e-01
-5.928292627738529497e-01
-5.592766645088392830e-01
-5.235124371662510656e-01
-4.856780084332155134e-01
-4.459229924953951318e-01
-4.044045983958375334e-01
-3.612870083603971216e-01
-3.167407285480602352e-01
-2.709419147936475980e-01
-2.240716760091570059e-01
-1.763153579984600983e-01
-1.278618105174194053e-01
-7.890264047781581080e-02
-2.963145424827962060e-02
1.975690795155027324e-02
6.906714253604850917e-02
1.181042548709826390e-01
1.666743303691733402e-01
2.145853013151434174e-01
2.616477063864268704e-01
3.076754398680510150e-01
3.524864875974373923e-01
3.959036467294727579e-01
4.377552264755086853e-01
4.778757270452222983e-01
5.161064941065107714e-01
5.522963461754080150e-01
5.863021724550054881e-01
6.179894987593039790e-01
6.472330192840567431e-01
6.739170921217267907e-01
6.979361965611170504e-01
7.191953503632599887e-01
7.376104853635130354e-01
7.531087799145255168e-01
7.656289468554771105e-01
7.751214758688085293e-01
7.815488292660761616e-01
7.848855904286964336e-01
7.851185643165743411e-01
7.822468296471718485e-01
7.762817425386703274e-01
7.672468916028185593e-01
7.551780046650540257e-01
7.401228074807677526e-01
7.221408350064029147e-01
7.013031959717181962e-01
6.776922916841892075e-01
6.514014901775362354e-01
6.225347569929209346e-01
5.912062440528838003e-01
5.575398382537923858e-01
5.216686715618548131e-01
4.837345945500304278e-01
4.438876154576683053e-01
4.022853069910943269e-01
3.590921832109474909e-01
3.144790489702964376e-01
2.686223244761483109e-01
2.217033476453695862e-01
1.739076570137786382e-01
1.254242580341125013e-01
7.644487566428415093e-02
2.716319620148155423e-02
-2.222589863974266944e-02
-7.152710237657033954e-02
-1.205454560867663671e-01
-1.690871193631044989e-01
-2.169601368446874012e-01
-2.639751972939683444e-01
-3.099463822176925509e-01
-3.546919010714683629e-01
-3.980348101405487005e-01
-4.398037122541160193e-01
-4.798334345660342781e-01
-5.179656817218745157e-01
-5.540496618292605202e-01
-5.879426827561839985e-01
-6.195107163992685795e-01
-6.486289286905858598e-01
-6.751821732471773307e-01
-6.990654467111516723e-01
-7.201843039797306556e-01
-7.384552316832611041e-01
-7.538059784342864278e-01
-7.661758405417149476e-01
-7.755159020602577780e-01
-7.817892282258684933e-01
-7.849710115122515708e-01
-7.850486697308745043e-01
-7.820218957865456844e-01
-7.759026588918057632e-01
-7.667151572353290145e-01
-7.544957222915060768e-01
-7.392926751496075033e-01
-7.211661354306760918e-01
-7.001877835477537948e-01
-6.764405772496057123e-01
-6.500184235688220014e-01
-6.210258074715728771e-01
-5.895773786775151404e-01
-5.557974982837204925e-01
-5.198197469854995978e-01
-4.817863968388265694e-01
-4.418478486532428917e-01
-4.001620372400679915e-01
-3.568938068677929287e-01
-3.122142593943981193e-01
-2.663000776544087733e-01
-2.193328267762341133e-01
-1.714982361927790411e-01
-1.229854651845244673e-01
-7.398635485946902790e-02
-2.469466952791610215e-02
2.469466952791132819e-02
7.398635485946158941e-02
1.229854651845198044e-01
1.714982361927744892e-01
2.193328267762295614e-01
2.663000776544044435e-01
3.122142593943963984e-01
3.568938068677864894e-01
4.001620372400638281e-01
4.418478486532391170e-01
4.817863968388207407e-01
5.198197469854981545e-01
5.557974982837170508e-01
5.895773786775102554e-01
6.210258074715699905e-01
6.500184235688177825e-01
6.764405772496020486e-01
7.001877835477516854e-01
7.211661354306733163e-01
7.392926751496067261e-01
7.544957222915054107e-01
7.667151572353279043e-01
7.759026588918045420e-01
7.820218957865452403e-01
7.850486697308740602e-01
7.849710115122519039e-01
7.817892282258689374e-01
7.755159020602588882e-01
7.661758405417153917e-01
7.538059784342876490e-01
7.384552316832637686e-01
7.201843039797326540e-01
6.990654467111536707e-01
6.751821732471814386e-01
6.486289286905899676e-01
6.195107163992714661e-01
5.879426827561888835e-01
5.540496618292620745e-01
5.179656817218782905e-01
4.798334345660402178e-01
4.398037122541200716e-01
3.980348101405553063e-01
3.546919010714699727e-01
3.099463822176968808e-01
2.639751972939754499e-01
2.169601368446947287e-01
1.690871193631062752e-01
1.205454560867710301e-01
7.152710237657788905e-02
2.222589863974733237e-02
-2.716319620147400471e-02
-7.644487566428226355e-02
-1.254242580341078384e-01
-1.739076570137713107e-01
-2.217033476453676988e-01
-2.686223244761438700e-01
-3.144790489702893876e-01
-3.590921832109432721e-01
-4.022853069910904411e-01
-4.438876154576620880e-01
-4.837345945500289290e-01
-5.216686715618510384e-01
-5.575398382537870567e-01
-5.912062440528826901e-01
-6.225347569929179370e-01
-6.514014901775320165e-01
-6.776922916841868760e-01
-7.013031959717147545e-01
-7.221408350063996950e-01
-7.401228074807659763e-01
-7.551780046650534706e-01
-7.672468916028170050e-01
-7.762817425386697723e-01
-7.822468296471716265e-01
-7.851185643165742301e-01
-7.848855904286966556e-01
-7.815488292660769387e-01
-7.751214758688094175e-01
-7.656289468554782207e-01
-7.531087799145278483e-01
-7.376104853635137015e-01
-7.191953503632617650e-01
-6.979361965611202701e-01
-6.739170921217307875e-01
-6.472330192840594076e-01
-6.179894987593088640e-01
-5.863021724550103730e-01
-5.522963461754113457e-01
-5.161064941065165446e-01
-4.778757270452237971e-01
-4.377552264755126821e-01
-3.959036467294791972e-01
-3.524864875974415002e-01
-3.076754398680578428e-01
-2.616477063864287578e-01
-2.145853013151478583e-01
-1.666743303691778921e-01
-1.181042548709900775e-01
-6.906714253605039655e-02
-1.975690795155493618e-02
2.963145424827207108e-02
7.890264047781114787e-02
1.278618105174119668e-01
1.763153579984582109e-01
2.240716760091523430e-01
2.709419147936404926e-01
3.167407285480583479e-01
3.612870083603929583e-01
4.044045983958357571e-01
4.459229924953891366e-01
4.856780084332117386e-01
5.235124371662456255e-01
5.592766645088376176e-01
5.928292627738496190e-01
6.240375500407615572e-01
6.527781148390809918e-01
6.789373041722654989e-01
7.024116729523210978e-01
7.231083930677515426e-01
7.409456204672570934e-01
7.558528188075899212e-01
7.677710383856679588e-01
7.766531492519554991e-01
7.824640275832945857e-01
7.851806945781383273e-01
7.847924073249696875e-01
7.813007012845625265e-01
7.747193842180810641e-01
7.650744815850480940e-01
7.524041336270770319e-01
7.367584445443684515e-01
7.181992843613869137e-01
6.968000442652118043e-01
6.726453463841037816e-01
6.458307091538939559e-01
6.164621695955596614e-01
5.846558639975809601e-01
5.505375686613456221e-01
5.142422025256001561e-01
4.759132936368752897e-01
4.357024115756427118e-01
3.937685680826881196e-01
3.502775882558413212e-01
3.054014548036538823e-01
2.593176279491891112e-01
2.122083436732041806e-01
1.642598930719423311e-01
1.156618856791119532e-01
6.660649966534459843e-02
1.728772188008642630e-02
-3.209941925880022140e-02
-8.135962499432036754e-02
-1.302980985285884241e-01
-1.787213153361902895e-01
-2.264377884463281143e-01
-2.732588256676239391e-01
-3.189992757611132546e-01
-3.634782606107080372e-01
-4.065198904958564619e-01
-4.479539596378327992e-01
-4.876166192692442669e-01
-5.253510255650098992e-01
-5.610079598727529815e-01
-5.944464187897868790e-01
-6.255341717534348422e-01
-6.541482839395112991e-01
-6.801756024014575797e-01
-7.035132035274400675e-01
-7.240688000461893425e-01
-7.417611059719840805e-01
-7.565201580456364372e-01
-7.682875924003996770e-01
-7.770168753586849109e-01
-7.826734874469655212e-01
-7.852350599011379551e-01
-7.846914631225927472e-01
-7.810448467351535085e-01
-7.743096310845064556e-01
-7.645124502137345956e-01
-7.516920465404385299e-01
-7.358991176519663613e-01
-7.171961158245687695e-01
-6.956570010592579845e-01
-6.713669486110577234e-01
-6.444220121680477309e-01
-6.149287440123402115e-01
-5.830037736648533420e-01
-5.487733466802574567e-01
-5.123728254157846607e-01
-4.739461537481970410e-01
-4.336452878555463464e-01
-3.916295953147687636e-01
-3.480652248912816660e-01
-3.031244495127640715e-01
-2.569849850252476919e-01
-2.098292874254762408e-01
-1.618438313486514346e-01
-1.132183726646116551e-01
-6.414519809863405975e-02
-1.481836484402432319e-02
3.456706682645160900e-02
8.381580491579299075e-02
1.327330979742957773e-01
1.811255052335822846e-01
2.288016615575341195e-01
2.755730341853062093e-01
3.212546682738657289e-01
3.656659182918000628e-01
4.086311623722560515e-01
4.499804968000180594e-01
4.895504078864958419e-01
5.271844185756728862e-01
5.627337072241243021e-01
5.960576961080583658e-01
6.270246073302927492e-01
6.555119839287300021e-01
6.814071741257825554e-01
7.046077768036282940e-01
7.250220464438998924e-01
7.425692559303089801e-01
7.571800157796264585e-01
7.687965485386221154e-01
7.773729172618404348e-01
7.828752071667579582e-01
7.852816597479341798e-01
7.845827588198392988e-01
7.807812681480890138e-01
7.738922205202831694e-01
7.639428582996710126e-01
7.509725256967043627e-01
7.350325131845090176e-01
7.161858546735047071e-01
6.945070782472333448e-01
6.700819114451357361e-01
6.430069422576361049e-01
6.133892371742555305e-01
5.813459177949484857e-01
5.470036976791823324e-01
5.104983812640311314e-01
4.719743268329672503e-01
4.315838756588661340e-01
3.894867495787845968e-01
3.458494193826315843e-01
3.008444465135147183e-01
2.546498006829618355e-01
2.074481560993144402e-01
1.594261690926218611e-01
1.107737399922927857e-01
6.168326217664499289e-02
1.234886126373635484e-02
-3.703437254776409393e-02
-8.627115595216894306e-02
-1.351667847739352890e-01
-1.835279039147227342e-01
-2.311632719655664081e-01
-2.778845174606390245e-01
-3.235068837819058962e-01
-3.678499597691133882e-01
-4.107383931459011595e-01
-4.520025839407835755e-01
-4.914793551610249778e-01
-5.290125980671407380e-01
-5.644538894964059583e-01
-5.976630787941439316e-01
-6.285088420318765134e-01
-6.568692013206096636e-01
-6.826320071657724364e-01
-7.056953819562511443e-01
-7.259681228338836778e-01
-7.433700623501441340e-01
-7.578323854839880136e-01
-7.692979017670820152e-01
-7.777212714403908267e-01
-7.830691847477926348e-01
-7.853204936576846373e-01
-7.844662954917265285e-01
-7.805099681299946246e-01
-7.734671566533359854e-01
-7.633657114757600448e-01
-7.502455782114770821e-01
-7.341586397121643293e-01
-7.151685108990404327e-01
-6.933502872011413354e-01
-6.687902475945356473e-01
-6.415855134168084728e-01
-6.118436643060511937e-01
-5.796823127830046385e-01
-5.452286391588252457e-01
-5.086188886073983451e-01
-4.699978323912976652e-01
-4.295181953716694090e-01
-3.873400520661336999e-01
-3.436301936427957893e-01
-2.985614683537030634e-01
-2.523120980158225501e-01
-2.050649732425907645e-01
-1.570069302129982747e-01
-1.083280118380146595e-01
-5.922071624635516507e-02
-9.879235561056298742e-03
3.950131202263928998e-02
8.872565382159081082e-02
1.375991348598950559e-01
1.859284876214137849e-01
2.335225963156077889e-01
2.801932526345209951e-01
3.257559000122522974e-01
3.700303634438695255e-01
4.128415619776077961e-01
4.540202010629621476e-01
4.934034420167718871e-01
5.308355459598839143e-01
5.661684896780878606e-01
5.992625509718316756e-01
6.299868611800478746e-01
6.582199226931262359e-01
6.838500894086088078e-01
7.067760082295915236e-01
7.269070198600415811e-01
7.441635173120202396e-01
7.584772607072001183e-01
7.697916471277141959e-01
7.780619344493355793e-01
7.832554182717541558e-01
7.853515612463461970e-01
7.843420742900022447e-01
7.802309493638539539e-01
7.730344436872782499e-01
7.627810154496168504e-01
7.495112112738044896e-01
7.332775058769820387e-01
7.141440945620580738e-01
6.921866393609139578e-01
6.674919698329992990e-01
6.401577397025906002e-01
6.102920406924576824e-01
5.780129750810265588e-01
5.434481886733879552e-01
5.067343660328706978e-01
4.680166899694635507e-01
4.274482674222179757e-01
3.851895240062870318e-01
3.414075696185177033e-01
2.962755376105186134e-01
2.499719001422193720e-01
2.026797624234810691e-01
1.545861386345173116e-01
1.058812123884703693e-01
5.675758466078051345e-02
7.409512159008646570e-03
-4.196786085461756688e-02
-9.117927425062222202e-02
-1.400301241777661687e-01
-1.883272326134121100e-01
-2.358796112754385499e-01
-2.824992168750266597e-01
-3.280016947235722680e-01
-3.722071077532606020e-01
-4.149406480683760501e-01
-4.560333282136056487e-01
-4.953226494257311208e-01
-5.326532442260962785e-01
-5.678774908128663146e-01
-6.008560968233607191e-01
-6.314586501581358480e-01
-6.595641346885054990e-01
-6.850614088082317421e-01
-7.078496449369342525e-01
-7.278387282372807965e-01
-7.449496129691766111e-01
-7.591146350718531721e-01
-7.702777797376917368e-01
-7.783949029197343439e-01
-7.834339058969115310e-01
-7.853748622066801799e-01
-7.842100964431358845e-01
-7.799442146089867745e-01
-7.725940859013655793e-01
-7.621887760035133130e-01
-7.487694321461124680e-01
-7.323891203928187821e-01
-7.131126157933824761e-01
-6.910161462342845340e-01
-6.661870909996664425e-01
-6.387236352347578361e-01
-6.087343816780544925e-01
-5.763379211977006644e-01
-5.416623638303916799e-01
-5.048448321771890068e-01
-4.660309191597054590e-01
-4.253741122807804254e-01
-3.830351866666014127e-01
-3.391815692901331003e-01
-2.939866768903699468e-01
-2.476292302052340855e-01
-2.002925472302060639e-01
-1.521638182972652187e-01
-1.034333658409642975e-01
-5.429389177872845362e-02
-4.939715481584561196e-03
4.443399465109709734e-02
9.363199297452018399e-02
1.424597286866131629e-01
1.907241151686418501e-01
2.382342935356664970e-01
2.848023873776390769e-01
3.302442457063818892e-01
3.743801711706669089e-01
4.170356306595726092e-01
4.580419454841651028e-01
4.972369584081637317e-01
5.344656748899003773e-01
5.695808759997975645e-01
6.024437005895668662e-01
6.329241944110848284e-01
6.609018240133477384e-01
6.862659533854613692e-01
7.089162814606966290e-01
7.287632387515960986e-01
7.457283415476214650e-01
7.597445022747209009e-01
7.707562947894686101e-01
7.787201735587392371e-01
7.836046458581353846e-01
7.853903963082549122e-01
7.840703632563041925e-01
7.796497667010173771e-01
7.721460876504571136e-01
7.615889989943234184e-01
7.480202481641240464e-01
7.314934920452405009e-01
7.120740847936883888e-01
6.898388193966891180e-01
6.648756239989572769e-01
6.372832141956963348e-01
6.071707026670971619e-01
5.746571676982463739e-01
5.398711822905180036e-01
5.029503057266384580e-01
4.640405396000315541e-01
4.232957504594436760e-01
3.808770613521055282e-01
3.369522146713666011e-01
2.916949088286366898e-01
2.452841113723798205e-01
1.979033512707976117e-01
1.497399931564632469e-01
1.009844964031445524e-01
5.182966196455185415e-02
2.469869953516168337e-03
-4.689968902358032654e-02
-9.608378573745923745e-02
-1.448879243591898458e-01
-1.931191115834618444e-01
-2.405866198099844144e-01
-2.871027413654539395e-01
-3.324835307832660902e-01
-3.765495322058763916e-01
-4.191264890331637960e-01
-4.600460330106905249e-01
-4.991463500327732450e-01
-5.362728200275078683e-01
-5.712786283934871978e-01
-6.040253465700611279e-01
-6.343834794455859294e-01
-6.622329774387487600e-01
-6.874637112281194451e-01
-7.099759072525225756e-01
-7.296805422601662094e-01
-7.464996953462254003e-01
-7.603668560868168669e-01
-7.712271875508377450e-01
-7.790377431496304794e-01
-7.837676364669157181e-01
-7.853981633974482790e-01
-7.839228761113791188e-01
-7.793476085518477037e-01
-7.716904533649708853e-01
-7.609816903534605270e-01
-7.472636667367934526e-01
-7.305906296914469467e-01
-7.110285118333854459e-01
-6.886546704911401529e-01
-6.635575818004539883e-01
-6.358364908302490681e-01
-6.056010191233744955e-01
-5.729707312042485734e-01
-5.380746617674112553e-01
-5.010508054168836267e-01
-4.620455709740411421e-01
-4.212132025118817125e-01
-3.787151694052838247e-01
-3.347195278091303350e-01
-2.894002560894496923e-01
-2.429365668353877794e-01
-1.955121981728924485e-01
-1.473146871821975346e-01
-9.853462829276404822e-02
-4.936491958793032264e-02
-1.887379141862766119e-15
